7e4b9220-a47a-45a7-a33b-7182ee0dc30e, Leila
0236e9db-8c46-45a1-8fef-718d12e271f3, Bond
43bf7ab5-1f20-4693-a4f0-7319a7926d66, Ali
1fda7774-b948-42fa-ad35-7eb1a7248e35, Samira
